111111111111111111111111111111
111111111111111111111111111111
111111111111111111111111111111
111111111111111111111111111111
111111111111111111111111111111
111111111111111111111111111111
111111111111111111111111111111
111111111111111111111111111111
111111111111111111111111111111
111111111111111111111111111111
111111111111110000111111111111
111111111111100000111111111111
111111111111100000011111111111
111111111111100100011111111111
111111111111000110011111111111
111111111111000110001111111111
111111111110001110001111111111
111111111110001111000111111111
111111111110001111000111111111
111111111100011111000011111111
111111111100011111100011111111
111111111000111111100011111111
111111111000111111100001111111
111111111000000000000001111111
111111110000000000000000111111
111111110001111111111000111111
111111100001111111111000011111
111111100011111111111100011111
111111100011111111111100011111
111111000111111111111100001111
111111000111111111111110001111
111110000111111111111110000111
111111111111111111111111111111
111111111111111111111111111111
111111111111111111111111111111
111111111111111111111111111111
111111111111111111111111111111
111111111111111111111111111111
111111111111111111111111111111
111111111111111111111111111111
