111111111111111111111111111111
111111111111111111111111111111
111111111111111111111111111111
111111111111111111111111111111
111111111111111111111111111111
111111111111111111111111111111
111111111111111111111111111111
111111111111111111111111111111
111111111111111111111111111111
111111111111111111111111111111
111111100000000000001111111111
111111100000000000000111111111
111111100011111110000011111111
111111100011111111100001111111
111111100011111111110001111111
111111100011111111110001111111
111111100011111111110001111111
111111100011111111100011111111
111111100011111111000011111111
111111100000000000000111111111
111111100000000000000111111111
111111100000000000000011111111
111111100011111111100001111111
111111100011111111110000111111
111111100011111111111000111111
111111100011111111111000111111
111111100011111111111000111111
111111100011111111110000111111
111111100011111111100001111111
111111100000000000000001111111
111111100000000000000011111111
111111100000000000011111111111
111111111111111111111111111111
111111111111111111111111111111
111111111111111111111111111111
111111111111111111111111111111
111111111111111111111111111111
111111111111111111111111111111
111111111111111111111111111111
111111111111111111111111111111
