111111111111111111111111111111
111111111111111111111111111111
111111111111111111111111111111
111111111111111111111111111111
111111111111111111111111111111
111111111111111111111111111111
111111111111111111111111111111
111111111111111111111111111111
111111111111111111111111111111
111111111111111111111111111111
111111000000000000001111111111
111111000000000000000111111111
111111000111111110000011111111
111111000111111111100001111111
111111000111111111110000111111
111111000111111111111000111111
111111000111111111111000011111
111111000111111111111100011111
111111000111111111111100011111
111111000111111111111100011111
111111000111111111111100011111
111111000111111111111100011111
111111000111111111111100011111
111111000111111111111100011111
111111000111111111111000011111
111111000111111111111000111111
111111000111111111111000111111
111111000111111111110001111111
111111000111111111000001111111
111111000000000000000011111111
111111000000000000000111111111
111111000000000000111111111111
111111111111111111111111111111
111111111111111111111111111111
111111111111111111111111111111
111111111111111111111111111111
111111111111111111111111111111
111111111111111111111111111111
111111111111111111111111111111
111111111111111111111111111111
