111111111111111111111111111111
111111111111111111111111111111
111111111111111111111111111111
111111111111111111111111111111
111111111111111111111111111111
111111111111111111111111111111
111111111111111111111111111111
111111111111111111111111111111
111111111111111111111111111111
111111111111111111111111111111
111111110000000000000000111111
111111110000000000000000111111
111111110001111111111111111111
111111110001111111111111111111
111111110001111111111111111111
111111110001111111111111111111
111111110001111111111111111111
111111110001111111111111111111
111111110001111111111111111111
111111110000000000000011111111
111111110000000000000011111111
111111110000000000000011111111
111111110001111111111111111111
111111110001111111111111111111
111111110001111111111111111111
111111110001111111111111111111
111111110001111111111111111111
111111110001111111111111111111
111111110001111111111111111111
111111110001111111111111111111
111111110001111111111111111111
111111110001111111111111111111
111111111111111111111111111111
111111111111111111111111111111
111111111111111111111111111111
111111111111111111111111111111
111111111111111111111111111111
111111111111111111111111111111
111111111111111111111111111111
111111111111111111111111111111
