111111111111111111111111111111
111111111111111111111111111111
111111111111111111111111111111
111111111111111111111111111111
111111111111111111111111111111
111111111111111111111111111111
111111111111111111111111111111
111111111111111111111111111111
111111111111111111111111111111
111111111111111111111111111111
111111111111111111000111111111
111111111111111111000111111111
111111111111111111000111111111
111111111111111111000111111111
111111111111111111000111111111
111111111111111111000111111111
111111111111111111000111111111
111111111111111111000111111111
111111111111111111000111111111
111111111111111111000111111111
111111111111111111000111111111
111111111111111111000111111111
111111111111111111000111111111
111111111111111111000111111111
111111111111111111000111111111
111111111001111111000111111111
111111110001111111000111111111
111111110001111110001111111111
111111110000111110001111111111
111111111000011000001111111111
111111111000000000011111111111
111111111110000000111111111111
111111111111111111111111111111
111111111111111111111111111111
111111111111111111111111111111
111111111111111111111111111111
111111111111111111111111111111
111111111111111111111111111111
111111111111111111111111111111
111111111111111111111111111111
