111111111111111111111111111111
111111111111111111111111111111
111111111111111111111111111111
111111111111111111111111111111
111111111111111111111111111111
111111111111111111111111111111
111111111111111111111111111111
111111111111111111111111111111
111111111111111111111111111111
111111111111111111111111111111
111111100011111111110000011111
111111100011111111100001111111
111111100011111111000011111111
111111100011111110000111111111
111111100011111100001111111111
111111100011111000011111111111
111111100011110000111111111111
111111100011100001111111111111
111111100011000011111111111111
111111100010000011111111111111
111111100000000001111111111111
111111100000010000111111111111
111111100000111000011111111111
111111100001111100011111111111
111111100011111100001111111111
111111100011111110000111111111
111111100011111111000011111111
111111100011111111100001111111
111111100011111111100001111111
111111100011111111110000111111
111111100011111111111000011111
111111100011111111111000001111
111111111111111111111111111111
111111111111111111111111111111
111111111111111111111111111111
111111111111111111111111111111
111111111111111111111111111111
111111111111111111111111111111
111111111111111111111111111111
111111111111111111111111111111
