111111111111111111111111111111
111111111111111111111111111111
111111111111111111111111111111
111111111111111111111111111111
111111111111111111111111111111
111111111111111111111111111111
111111111111111111111111111111
111111111111111111111111111111
111111111111111111111111111111
111111111111111111111111111111
111111111000111111111111111111
111111111000111111111111111111
111111111000111111111111111111
111111111000111111111111111111
111111111000111111111111111111
111111111000111111111111111111
111111111000111111111111111111
111111111000111111111111111111
111111111000111111111111111111
111111111000111111111111111111
111111111000111111111111111111
111111111000111111111111111111
111111111000111111111111111111
111111111000111111111111111111
111111111000111111111111111111
111111111000111111111111111111
111111111000111111111111111111
111111111000111111111111111111
111111111000111111111111111111
111111111000000000000001111111
111111111000000000000000111111
111111111000000000000000111111
111111111111111111111111111111
111111111111111111111111111111
111111111111111111111111111111
111111111111111111111111111111
111111111111111111111111111111
111111111111111111111111111111
111111111111111111111111111111
111111111111111111111111111111
