111111111111111111111111111111
111111111111111111111111111111
111111111111111111111111111111
111111111111111111111111111111
111111111111111111111111111111
111111111111111111111111111111
111111111111111111111111111111
111111111111111111111111111111
111111111111111111111111111111
111111111111111111111111111111
111100000111111111111100001111
111100000111111111111000001111
111100000011111111111000001111
111100000011111111111000001111
111100000011111111110000001111
111100010001111111110010001111
111100010001111111110010001111
111100011001111111100010001111
111100011000111111100110001111
111100011000111111100110001111
111100011100111111000110001111
111100011100011111001110001111
111100011100011110001110001111
111100011110001110001110001111
111100011110001110011110001111
111100011110001100011110001111
111100011111000100111110001111
111100011111000100111110001111
111100011111100000111110001111
111100011111100001111110001111
111100011111100001111110001111
111100011111110001111110001111
111111111111111111111111111111
111111111111111111111111111111
111111111111111111111111111111
111111111111111111111111111111
111111111111111111111111111111
111111111111111111111111111111
111111111111111111111111111111
111111111111111111111111111111
