111111111111111111111111111111
111111111111111111111111111111
111111111111111111111111111111
111111111111111111111111111111
111111111111111111111111111111
111111111111111111111111111111
111111111111111111111111111111
111111111111111111111111111111
111111111111111111111111111111
111111111111111111111111111111
111111000011111111111000111111
111111000011111111111000111111
111111000001111111111000111111
111111000000111111111000111111
111111000000011111111000111111
111111000100011111111000111111
111111000100001111111000111111
111111000110000111111000111111
111111000111000111111000111111
111111000111000011111000111111
111111000111100001111000111111
111111000111110001111000111111
111111000111110000111000111111
111111000111111000011000111111
111111000111111100011000111111
111111000111111100001000111111
111111000111111110000000111111
111111000111111111000000111111
111111000111111111100000111111
111111000111111111100000111111
111111000111111111110000111111
111111000111111111111000111111
111111111111111111111111111111
111111111111111111111111111111
111111111111111111111111111111
111111111111111111111111111111
111111111111111111111111111111
111111111111111111111111111111
111111111111111111111111111111
111111111111111111111111111111
