111111111111111111111111111111
111111111111111111111111111111
111111111111111111111111111111
111111111111111111111111111111
111111111111111111111111111111
111111111100000000011111111111
111111110000000000000011111111
111111100000000000000001111111
111111000000111111000000111111
111110000011111111110000011111
111100001111111111111000001111
111000001111111111111100001111
111000011111111111111110000111
111000111111111111111110000111
110000111111111111111111000011
110000111111111111111111000011
110000111111111111111111000011
110000111111111111111111000011
110001111111111111111111000011
110001111111111111111111000011
110000111111111111111111000011
110000111111111111111111000011
110000111111111111111111000011
110000111111111111111111000011
111000111111111111111110000111
111000011111111101111110000111
111000001111111000011100001111
111100001111111000000000001111
111110000011111110000000011111
111110000001111111000000111111
111111100000000000000000011111
111111110000000000000000000111
111111111100000000001110000011
111111111111111111111111000011
111111111111111111111111110011
111111111111111111111111111111
111111111111111111111111111111
111111111111111111111111111111
111111111111111111111111111111
111111111111111111111111111111
