111111111111111111111111111111
111111111111111111111111111111
111111111111111111111111111111
111111111111111111111111111111
111111111111111111111111111111
111111111111111111111111111111
111111111111111111111111111111
111111111111111111111111111111
111111111111111111111111111111
111111111111111111111111111111
111111000000000000000000011111
111111000000000000000000011111
111111111111110001111111111111
111111111111110001111111111111
111111111111110001111111111111
111111111111110001111111111111
111111111111110001111111111111
111111111111110001111111111111
111111111111110001111111111111
111111111111110001111111111111
111111111111110001111111111111
111111111111110001111111111111
111111111111110001111111111111
111111111111110001111111111111
111111111111110001111111111111
111111111111110001111111111111
111111111111110001111111111111
111111111111110001111111111111
111111111111110001111111111111
111111111111110001111111111111
111111111111110001111111111111
111111111111110001111111111111
111111111111111111111111111111
111111111111111111111111111111
111111111111111111111111111111
111111111111111111111111111111
111111111111111111111111111111
111111111111111111111111111111
111111111111111111111111111111
111111111111111111111111111111
