111111111111111111111111111111
111111111111111111111111111111
111111111111111111111111111111
111111111111111111111111111111
111111111111111111111111111111
111111111111111111111111111111
111111111111111111111111111111
111111111111111111111111111111
111111111111111111111111111111
111111111111111111111111111111
111110001111111111111100011111
111110000111111111111100011111
111111000111111111111000011111
111111000111111111111000111111
111111000011111111111000111111
111111100011111111110001111111
111111100011111111110001111111
111111110001111111110011111111
111111110001111111100011111111
111111110001111111100011111111
111111111000111111000111111111
111111111000111111000111111111
111111111100011111001111111111
111111111100011110001111111111
111111111110011110001111111111
111111111110001100011111111111
111111111110001100011111111111
111111111111001100111111111111
111111111111000000111111111111
111111111111100000111111111111
111111111111100001111111111111
111111111111100001111111111111
111111111111111111111111111111
111111111111111111111111111111
111111111111111111111111111111
111111111111111111111111111111
111111111111111111111111111111
111111111111111111111111111111
111111111111111111111111111111
111111111111111111111111111111
