111111111111111111111111111111
111111111111111111111111111111
111111111111111111111111111111
111111111111111111111111111111
111111111111111111111111111111
111111111111111111111111111111
111111111111111111111111111111
111111111111111111111111111111
111111111111111111111111111111
111111111111111111111111111111
100011111111100001111111111000
100011111111100000111111110001
100011111111100000111111110001
100011111111000000111111110001
110001111111000100111111110001
110001111111001100011111100011
110001111110001100011111100011
111001111110001110011111100011
111000111110011110001111100111
111000111110011110001111000111
111000111100011110001111000111
111100111100011111000111000111
111100011100111111000111001111
111100011000111111000110001111
111100011000111111100110001111
111110011001111111100010011111
111110001001111111100010011111
111110000001111111100000011111
111111000001111111110000011111
111111000011111111110000111111
111111000011111111110000111111
111111000011111111111000111111
111111111111111111111111111111
111111111111111111111111111111
111111111111111111111111111111
111111111111111111111111111111
111111111111111111111111111111
111111111111111111111111111111
111111111111111111111111111111
111111111111111111111111111111
