111111111111111111111111111111
111111111111111111111111111111
111111111111111111111111111111
111111111111111111111111111111
111111111111111111111111111111
111111111111111111111111111111
111111111111111111111111111111
111111111111111111111111111111
111111111111111111111111111111
111111111111111111111111111111
111111100000000000000000111111
111111100000000000000000111111
111111111111111111100000111111
111111111111111111100001111111
111111111111111111000011111111
111111111111111110000111111111
111111111111111100001111111111
111111111111111100001111111111
111111111111111000011111111111
111111111111110000111111111111
111111111111100001111111111111
111111111111000011111111111111
111111111110000111111111111111
111111111110001111111111111111
111111111100001111111111111111
111111111000011111111111111111
111111110000111111111111111111
111111100001111111111111111111
111111100011111111111111111111
111111000000000000000000111111
111111000000000000000000111111
111111000000000000000000111111
111111111111111111111111111111
111111111111111111111111111111
111111111111111111111111111111
111111111111111111111111111111
111111111111111111111111111111
111111111111111111111111111111
111111111111111111111111111111
111111111111111111111111111111
