111111111111111111111111111111
111111111111111111111111111111
111111111111111111111111111111
111111111111111111111111111111
111111111111111111111111111111
111111111111111111111111111111
111111111111111111111111111111
111111111111111111111111111111
111111111111111111111111111111
111111111111110000111111111111
111111111110000000000111111111
111111111000000000000011111111
111111110000011111100001111111
111111100001111111110000111111
111111100011111111111000011111
111111000111111111111100011111
111111000111111111111111111111
111110000111111111111111111111
111110001111111111111111111111
111110001111111111111111111111
111110001111111111111111111111
111110001111111111111111111111
111110001111111111111111111111
111110000111111111111111111111
111111000111111111111100111111
111111000111111111111100011111
111111000011111111111100011111
111111100011111111111000111111
111111100000111111110000111111
111111110000001111000001111111
111111111000000000000011111111
111111111110000000001111111111
111111111111110011111111111111
111111111111110011111111111111
111111111111111000111111111111
111111111111111100111111111111
111111111111000000111111111111
111111111111000001111111111111
111111111111111111111111111111
111111111111111111111111111111
