111111111111111111111111111111
111111111111111111111111111111
111111111111111111111111111111
111111111111111111111111111111
111111111111111111111111111111
111111111110001110001111111111
111111111110001110001111111111
111111111110001110001111111111
111111111111111111111111111111
111111111111100001111111111111
111111111100000000001111111111
111111110000000000000011111111
111111100000111111000001111111
111111000011111111110000111111
111111000111111111111000011111
111110000111111111111100011111
111110001111111111111100001111
111110001111111111111110001111
111100001111111111111110001111
111100011111111111111110001111
111100011111111111111110001111
111100011111111111111110001111
111100011111111111111110001111
111100001111111111111110001111
111110001111111111111110001111
111110001111111111111100011111
111110000111111111111100011111
111111000011111111111000011111
111111100001111111100000111111
111111110000011110000001111111
111111111000000000000011111111
111111111110000000001111111111
111111111111111111111111111111
111111111111111111111111111111
111111111111111111111111111111
111111111111111111111111111111
111111111111111111111111111111
111111111111111111111111111111
111111111111111111111111111111
111111111111111111111111111111
