111111111111111111111111111111
111111111111111111111111111111
111111111111111111111111111111
111111111111111111111111111111
111111111111111111111111111111
111111111110001110011111111111
111111111110001110011111111111
111111111110001110011111111111
111111111111111111111111111111
111111111111111111111111111111
111111000111111111111000111111
111111000111111111111000111111
111111000111111111111000111111
111111000111111111111000111111
111111000111111111111000111111
111111000111111111111000111111
111111000111111111111000111111
111111000111111111111000111111
111111000111111111111000111111
111111000111111111111000111111
111111000111111111111000111111
111111000111111111111000111111
111111000111111111111000111111
111111000111111111111000111111
111111000111111111111000111111
111111000111111111111000111111
111111000011111111111000111111
111111100011111111110000111111
111111100001111111100001111111
111111110000011110000011111111
111111111000000000000111111111
111111111100000000001111111111
111111111111111111111111111111
111111111111111111111111111111
111111111111111111111111111111
111111111111111111111111111111
111111111111111111111111111111
111111111111111111111111111111
111111111111111111111111111111
111111111111111111111111111111
