111111111111111111111111111111
111111111111111111111111111111
111111111111111111111111111111
111111111111111111111111111111
111111111111001111100111111111
111111111111001111000111111111
111111111111000000001111111111
111111111111100000011111111111
111111111111111111111111111111
111111111111110000111111111111
111111111100000000000111111111
111111110000000000000001111111
111111100000111111100000111111
111111000001111111111000111111
111111000011111111111100011111
111110000111111111111100011111
111110001111111111111111111111
111110001111111111111111111111
111110001111111111111111111111
111100001111111111111111111111
111100011111111111111111111111
111100001111111100000000001111
111100001111111100000000001111
111110001111111111111110001111
111110001111111111111110001111
111110001111111111111110001111
111111000111111111111110001111
111111000011111111111100001111
111111100001111111111000001111
111111110000001111000000011111
111111111000000000000001111111
111111111110000000000111111111
111111111111111111111111111111
111111111111111111111111111111
111111111111111111111111111111
111111111111111111111111111111
111111111111111111111111111111
111111111111111111111111111111
111111111111111111111111111111
111111111111111111111111111111
