111111111111111111111111111111
111111111111111111111111111111
111111111111111111111111111111
111111111111111111111111111111
111111111111111111111111111111
111111111111111111111111111111
111111111111111111111111111111
111111111110000000000111111111
111111111000000000000001111111
111111100000000000000000111111
111111000000000000000000011111
111110000001111111100000011111
111110000011111111111000001111
111110000111111111111000001111
111100000111111111111000001111
111111111111111111111000001111
111111111111111111111000001111
111111111111111111100000001111
111111111111100000000000001111
111111111000000000000000001111
111111100000000000000000001111
111110000000000001111000001111
111110000000111111111000001111
111100000011111111111000001111
111100000111111111111000001111
111100001111111111111000001111
111100001111111111111000001111
111100001111111111110000001111
111100000111111111100000001111
111100000011111110000000001111
111110000000000000000000001111
111111000000000000001100001111
111111100000000000111100000111
111111111000000111111111111111
111111111111111111111111111111
111111111111111111111111111111
111111111111111111111111111111
111111111111111111111111111111
111111111111111111111111111111
111111111111111111111111111111
