111111111111111111111111111111
111111111111111111111111111111
111111111111111111111111111111
111111111111111111111111111111
111111100011111111111111111111
111111100011111111111111111111
111111100011111111111111111111
111111100011111111111111111111
111111100011111111111111111111
111111100011111111111111111111
111111100011111111111111111111
111111100011111111111111111111
111111100011110000011111111111
111111100011000000000011111111
111111100000000000000001111111
111111100000000111000000111111
111111100000011111110000111111
111111100000111111111000011111
111111100001111111111000011111
111111100001111111111100001111
111111100011111111111100001111
111111100011111111111100001111
111111100011111111111100001111
111111100011111111111100001111
111111100011111111111100001111
111111100011111111111100001111
111111100011111111111100001111
111111100011111111111100001111
111111100001111111111100001111
111111100001111111111000011111
111111100000111111110000011111
111111100000011111100000111111
111111100000000110000001111111
111111100010000000000011111111
111111100011000000000111111111
111111111111111000111111111111
111111111111111111111111111111
111111111111111111111111111111
111111111111111111111111111111
111111111111111111111111111111
