111111111111111111111111111111
111111111111111111111111111111
111111111111111111111111111111
111111111111111111111111111111
111111111111111111111111111111
111111111111111111111111111111
111111111111111111111111111111
111111111111111111111111111111
111111111111111111111111111111
111111111111000000111111111111
111111111000000000001111111111
111111110000000000000011111111
111111100000011110000001111111
111111000001111111000001111111
111111000011111111100000111111
111111000011111111110000111111
111110000111111111110011111111
111110000111111111111111111111
111110000111111111111111111111
111110000111111111111111111111
111110000111111111111111111111
111110000111111111111111111111
111110000111111111111111111111
111110000111111111111111111111
111110000111111111111000111111
111110000111111111110000111111
111111000011111111110000111111
111111000011111111100001111111
111111100000111111000001111111
111111100000001100000011111111
111111110000000000000111111111
111111111100000000001111111111
111111111111100001111111111111
111111111111111111111111111111
111111111111111111111111111111
111111111111111111111111111111
111111111111111111111111111111
111111111111111111111111111111
111111111111111111111111111111
111111111111111111111111111111
