111111111111111111111111111111
111111111111111111111111111111
111111111111111111111111111111
111111111111111111100001111111
111111111111111111100001111111
111111111111111111100001111111
111111111111111111100001111111
111111111111111111100001111111
111111111111111111100001111111
111111111111111111100001111111
111111111111111111100001111111
111111111100000111100001111111
111111110000000001100001111111
111111100000000000100001111111
111111000000111000000001111111
111110000011111110000001111111
111100000111111111000001111111
111100001111111111000001111111
111100001111111111100001111111
111100011111111111100001111111
111000011111111111100001111111
111000011111111111100001111111
111000011111111111100001111111
111000011111111111100001111111
111000011111111111100001111111
111000011111111111100001111111
111100001111111111100001111111
111100001111111111100001111111
111100001111111111000001111111
111110000111111111000001111111
111110000011111100000001111111
111111000000010000000001111111
111111100000000000100001111111
111111110000000001100001111111
111111111110000111111111111111
111111111111111111111111111111
111111111111111111111111111111
111111111111111111111111111111
111111111111111111111111111111
111111111111111111111111111111
