111111111111111111111111111111
111111111111111111111111111111
111111111111111111111111111111
111111111111111111111111111111
111111111111111111111111111111
111111111111111111111111111111
111111111111111111111111111111
111111111111111111111111111111
111111111111111111111111111111
111111111111000000111111111111
111111111000000000001111111111
111111110000000000000011111111
111111100000011110000001111111
111111000001111111100001111111
111111000011111111110000111111
111110000111111111110000111111
111110000111111111111000011111
111110000111111111111000011111
111110000111111111111000011111
111100000000000000000000011111
111100000000000000000000011111
111100000000000000000000011111
111100001111111111111111111111
111110001111111111111111111111
111110000111111111111111111111
111110000111111111111000011111
111110000011111111110000011111
111111000011111111110000111111
111111000000111111100000111111
111111100000001100000001111111
111111110000000000000011111111
111111111100000000001111111111
111111111111100000111111111111
111111111111111111111111111111
111111111111111111111111111111
111111111111111111111111111111
111111111111111111111111111111
111111111111111111111111111111
111111111111111111111111111111
111111111111111111111111111111
