111111111111111111111111111111
111111111111111111111111111111
111111111111111111111111111111
111111111111111111111111111111
111111111111111111111111111111
111111111110000001111111111111
111111111000000000011000111111
111111110000000000000000111111
111111100000011100000000111111
111111000001111111000000111111
111110000011111111100000111111
111110000111111111100000111111
111110000111111111110000111111
111100001111111111110000111111
111100001111111111110000111111
111100001111111111110000111111
111100001111111111110000111111
111100001111111111110000111111
111100001111111111110000111111
111100001111111111110000111111
111110000111111111110000111111
111110000111111111110000111111
111110000011111111100000111111
111111000011111111000000111111
111111000000111110000000111111
111111100000000000000000111111
111111110000000000010000111111
111111111100000001110000111111
111111111111111111110000111111
111111111111111111110000111111
111110001111111111110000111111
111110000111111111100001111111
111110000111111111100001111111
111111000001111110000001111111
111111000000000000000011111111
111111100000000000000111111111
111111111000000000011111111111
111111111111111111111111111111
111111111111111111111111111111
111111111111111111111111111111
