111111111111111111111111111111
111111111111111111111111111111
111111111111111111111111111111
111111111111111111111111111111
111111111111111111111111111111
111111111111111111111111111111
111111100011111111111111111111
111111100011111111111111111111
111111100011111111111111111111
111111100011111111111111111111
111111100011111111111111111111
111111100011111111111111111111
111111100011111111111111111111
111111100011111001111111111111
111111100011000000001111111111
111111100000000000000011111111
111111100000001110000011111111
111111100000111111100001111111
111111100000111111100001111111
111111100001111111110001111111
111111100011111111110001111111
111111100011111111110001111111
111111100011111111110001111111
111111100011111111110001111111
111111100011111111110001111111
111111100011111111110001111111
111111100011111111110001111111
111111100011111111110001111111
111111100011111111110001111111
111111100011111111110001111111
111111100011111111110001111111
111111100011111111110001111111
111111100011111111110001111111
111111100011111111110001111111
111111111111111111111111111111
111111111111111111111111111111
111111111111111111111111111111
111111111111111111111111111111
111111111111111111111111111111
111111111111111111111111111111
