111111111111111111111111111111
111111111111111111111111111111
111111111111111111111111111111
111111111111111111111111111111
111111110001111111111111111111
111111110001111111111111111111
111111110001111111111111111111
111111110001111111111111111111
111111110001111111111111111111
111111110001111111111111111111
111111110001111111111111111111
111111110001111111111111111111
111111110001111111100001111111
111111110001111111000011111111
111111110001111110000111111111
111111110001111100001111111111
111111110001111000011111111111
111111110001110000111111111111
111111110001100001111111111111
111111110000000011111111111111
111111110000000001111111111111
111111110000000000111111111111
111111110000010000111111111111
111111110000111000011111111111
111111110001111100001111111111
111111110001111100001111111111
111111110001111110000111111111
111111110001111110000011111111
111111110001111111000011111111
111111110001111111100001111111
111111110001111111100000111111
111111110001111111110000111111
111111111111111111111111111111
111111111111111111111111111111
111111111111111111111111111111
111111111111111111111111111111
111111111111111111111111111111
111111111111111111111111111111
111111111111111111111111111111
111111111111111111111111111111
