111111111111111111111111111111
111111111111111111111111111111
111111111111111111111111111111
111111111111111111111111111111
111111111111111111111111111111
111111111111111111111111111111
111111111111111111111111111111
111111111111111111111111111111
111111111111111111111111111111
111111111111111111111111111111
111111111111111111111111111111
111111111100111111111101111111
110001100000000111100000001111
110001000000000010000000000111
110000000110000000001100000011
110000011111000000011111000011
110000111111100000111111100011
110001111111100001111111100001
110001111111100001111111100001
110001111111100001111111100001
110001111111100001111111100001
110001111111100001111111100001
110001111111100001111111100001
110001111111100001111111100001
110001111111100001111111100001
110001111111100001111111100001
110001111111100001111111100001
110001111111100001111111100001
110001111111100001111111100001
110001111111100001111111100001
110001111111100001111111100001
110001111111100001111111100001
111111111111111111111111111111
111111111111111111111111111111
111111111111111111111111111111
111111111111111111111111111111
111111111111111111111111111111
111111111111111111111111111111
111111111111111111111111111111
111111111111111111111111111111
