111111111111111111111111111111
111111111111111111111111111111
111111111111111111111111111111
111111111111111111111111111111
111111111111111111111111111111
111111111111111111111111111111
111111111111111111111111111111
111111111111111111111111111111
111111111111111111111111111111
111111111111111111111111111111
111111111111111111111111111111
111111111111111111111111111111
111111111111111111111111111111
111111111111111001111111111111
111111100011000000001111111111
111111100010000000000011111111
111111100000001100000011111111
111111100000111111000001111111
111111100001111111100001111111
111111100001111111110001111111
111111100011111111110001111111
111111100011111111110001111111
111111100011111111110001111111
111111100011111111110001111111
111111100011111111110001111111
111111100011111111110001111111
111111100011111111110001111111
111111100011111111110001111111
111111100011111111110001111111
111111100011111111110001111111
111111100011111111110001111111
111111100011111111110001111111
111111100011111111110001111111
111111100011111111110001111111
111111111111111111111111111111
111111111111111111111111111111
111111111111111111111111111111
111111111111111111111111111111
111111111111111111111111111111
111111111111111111111111111111
