111111111111111111111111111111
111111111111111111111111111111
111111111111111111111111111111
111111111111111111111111111111
111111111111111111111111111111
111111111111111111111111111111
111111111111111111111111111111
111111111111111001111111111111
111111100011000000001111111111
111111100010000000000111111111
111111100000001110000011111111
111111100000111111100001111111
111111100001111111100001111111
111111100001111111110000111111
111111100011111111110000111111
111111100011111111111000111111
111111100011111111111000111111
111111100011111111111000111111
111111100011111111111000111111
111111100011111111111000111111
111111100011111111110000111111
111111100011111111110000111111
111111100001111111110001111111
111111100001111111100001111111
111111100000111111000011111111
111111100000000100000011111111
111111100000000000000111111111
111111100011000000011111111111
111111100011111111111111111111
111111100011111111111111111111
111111100011111111111111111111
111111100011111111111111111111
111111100011111111111111111111
111111100011111111111111111111
111111100011111111111111111111
111111100011111111111111111111
111111111111111111111111111111
111111111111111111111111111111
111111111111111111111111111111
111111111111111111111111111111
