111111111111111111111111111111
111111111111111111111111111111
111111111111111111111111111111
111111111111111111111111111111
111111111111111111111111111111
111111111110000011111111111111
111111111000000000110000111111
111111110000000000000000111111
111111100000111100000000111111
111111000001111111000000111111
111111000011111111100000111111
111110000111111111100000111111
111110000111111111110000111111
111110000111111111110000111111
111100001111111111110000111111
111100001111111111110000111111
111100001111111111110000111111
111100001111111111110000111111
111100001111111111110000111111
111100001111111111110000111111
111110000111111111110000111111
111110000111111111110000111111
111110000011111111100000111111
111111000011111111100000111111
111111000001111110000000111111
111111100000001000000000111111
111111110000000000010000111111
111111111100000000110000111111
111111111111000011110000111111
111111111111111111110000111111
111111111111111111110000111111
111111111111111111110000111111
111111111111111111110000111111
111111111111111111110000111111
111111111111111111110000111111
111111111111111111110000111111
111111111111111111110000111111
111111111111111111111111111111
111111111111111111111111111111
111111111111111111111111111111
