111111111111111111111111111111
111111111111111111111111111111
111111111111111111111111111111
111111111111111111111111111111
111111111111111111111111111111
111111111111111111111111111111
111111111111111111111111111111
111111111111111111111111111111
111111111111111111111111111111
111111111111111111111111111111
111111111111111111011111111111
111111111110001100000011111111
111111111110001000000011111111
111111111110000000000111111111
111111111110000001110111111111
111111111110000011111111111111
111111111110000111111111111111
111111111110000111111111111111
111111111110000111111111111111
111111111110000111111111111111
111111111110000111111111111111
111111111110000111111111111111
111111111110000111111111111111
111111111110000111111111111111
111111111110000111111111111111
111111111110000111111111111111
111111111110000111111111111111
111111111110000111111111111111
111111111110000111111111111111
111111111110000111111111111111
111111111110000111111111111111
111111111111111111111111111111
111111111111111111111111111111
111111111111111111111111111111
111111111111111111111111111111
111111111111111111111111111111
111111111111111111111111111111
111111111111111111111111111111
111111111111111111111111111111
111111111111111111111111111111
