111111111111111111111111111111
111111111111111111111111111111
111111111111111111111111111111
111111111111111111111111111111
111111111111111011111111111111
111111111111110011111111111111
111111111111100011111111111111
111111111111100011111111111111
111111111111100011111111111111
111111111111100011111111111111
111111111111100011111111111111
111111111100000000001111111111
111111111100000000001111111111
111111111110000000011111111111
111111111111100011111111111111
111111111111100011111111111111
111111111111100011111111111111
111111111111100011111111111111
111111111111100011111111111111
111111111111100011111111111111
111111111111100011111111111111
111111111111100011111111111111
111111111111100011111111111111
111111111111100011111111111111
111111111111100011111111111111
111111111111100011111111111111
111111111111100011111111111111
111111111111100001111111111111
111111111111100000001111111111
111111111111110000001111111111
111111111111111000001111111111
111111111111111111111111111111
111111111111111111111111111111
111111111111111111111111111111
111111111111111111111111111111
111111111111111111111111111111
111111111111111111111111111111
111111111111111111111111111111
111111111111111111111111111111
111111111111111111111111111111
