111111111111111111111111111111
111111111111111111111111111111
111111111111111111111111111111
111111111111111111111111111111
111111111111111111111111111111
111111111111111111111111111111
111111111111111111111111111111
111111111111111111111111111111
111111111111111111111111111111
111111111111111111111111111111
111111100011111111110001111111
111111100011111111110001111111
111111100011111111110001111111
111111100011111111110001111111
111111100011111111110001111111
111111100011111111110001111111
111111100011111111110001111111
111111100011111111110001111111
111111100011111111110001111111
111111100011111111110001111111
111111100011111111110001111111
111111100011111111110001111111
111111100011111111100001111111
111111100011111111100001111111
111111100011111111100001111111
111111100001111111000001111111
111111100000111110000001111111
111111110000000000000001111111
111111111000000000010001111111
111111111100000001110001111111
111111111111111111111111111111
111111111111111111111111111111
111111111111111111111111111111
111111111111111111111111111111
111111111111111111111111111111
111111111111111111111111111111
111111111111111111111111111111
111111111111111111111111111111
111111111111111111111111111111
111111111111111111111111111111
