111111111111111111111111111111
111111111111111111111111111111
111111111111111111111111111111
111111111111111111111111111111
111111111111111111111111111111
111111111111111111111111111111
111111111111111111111111111111
111111111111111111111111111111
111111111111111111111111111111
111111111111111111111111111111
111111111111111111111111111111
111111000011111111111000111111
111111100011111111110000111111
111111100011111111110001111111
111111100001111111100001111111
111111110001111111100011111111
111111110001111111100011111111
111111110000111111000011111111
111111111000111111000111111111
111111111000011111000111111111
111111111100011110000111111111
111111111100011110001111111111
111111111100001110001111111111
111111111110001100011111111111
111111111110001100011111111111
111111111110000000011111111111
111111111111000000111111111111
111111111111000000111111111111
111111111111100000111111111111
111111111111100001111111111111
111111111111100001111111111111
111111111111111111111111111111
111111111111111111111111111111
111111111111111111111111111111
111111111111111111111111111111
111111111111111111111111111111
111111111111111111111111111111
111111111111111111111111111111
111111111111111111111111111111
111111111111111111111111111111
