111111111111111111111111111111
111111111111111111111111111111
111111111111111111111111111111
111111111111111111111111111111
111111111111111111111111111111
111111111111111111111111111111
111111111111111111111111111111
111111111111111111111111111111
111111111111111111111111111111
111111111111111111111111111111
111111111111111111111111111111
100001111111100001111111100011
110001111111100001111111100011
110001111111100001111111100011
110000111111000000111111000011
111000111111000000111111000111
111000111111000000111111000111
111000011111001000111110000111
111100011110001100011110001111
111100011110001100011110001111
111100011110001100011100001111
111100001100011100001100011111
111110001100011110001100011111
111110001100011110001100011111
111110001100011110001000111111
111111000000111110000000111111
111111000000111111000000111111
111111000000111111000001111111
111111100000111111000001111111
111111100001111111100001111111
111111100001111111100001111111
111111111111111111111111111111
111111111111111111111111111111
111111111111111111111111111111
111111111111111111111111111111
111111111111111111111111111111
111111111111111111111111111111
111111111111111111111111111111
111111111111111111111111111111
111111111111111111111111111111
