111111111111111111111111111111
111111111111111111111111111111
111111111111111111111111111111
111111111111111111111111111111
111111111111111111111111111111
111111111111111111111111111111
111111111111111111111111111111
111111111111111111111111111111
111111111111111111111111111111
111111111111111111111111111111
111111111111111111111111111111
111111100001111111100001111111
111111100000111111100001111111
111111110000111111000011111111
111111111000011110000111111111
111111111000001100000111111111
111111111100001100001111111111
111111111110000000011111111111
111111111111000000111111111111
111111111111000000111111111111
111111111111100001111111111111
111111111111000000111111111111
111111111110000000011111111111
111111111110000000011111111111
111111111100001100001111111111
111111111000011110000111111111
111111111000011110000111111111
111111110000111111000011111111
111111100001111111100001111111
111111100001111111100001111111
111111000011111111110000111111
111111111111111111111111111111
111111111111111111111111111111
111111111111111111111111111111
111111111111111111111111111111
111111111111111111111111111111
111111111111111111111111111111
111111111111111111111111111111
111111111111111111111111111111
111111111111111111111111111111
