111111111111111111111111111111
111111111111111111111111111111
111111111111111111111111111111
111111111111111111111111111111
111111111111111111111111111111
111111111111111111111111111111
111111111111111111111111111111
111111111111111001111111111111
111111111111000000001111111111
111111111100000000000011111111
111111111000001111000001111111
111111110000011111100001111111
111111110000111111110000111111
111111110001111111110000111111
111111100001111111111111111111
111111100001111111111111111111
111111100011111111111111111111
111111100011111111111111111111
111111100011111111111111111111
111111100011111111111111111111
111111100001111111111111111111
111111100001111111111000111111
111111110001111111110000111111
111111110000111111110000111111
111111110000011111100001111111
111111111000000100000011111111
111111111100000000000111111111
111111111111000000001111111111
111111111111110011111111111111
111111111111100000111111111111
111111111111110000011111111111
111111111111111100011111111111
111111111111111000011111111111
111111111110000000111111111111
111111111110000000111111111111
111111111111111111111111111111
111111111111111111111111111111
111111111111111111111111111111
111111111111111111111111111111
111111111111111111111111111111
