111111111111111111111111111111
111111111111111111111111111111
111111111111111111111111111111
111111111111111111111111111111
111111111111111111111111111111
111111111000011110000111111111
111111111000011110000111111111
111111111000011110000111111111
111111111000011110000111111111
111111111111111111111111111111
111111111111111111111111111111
111111111111111111111111111111
111111111111111111111111111111
111111000011111111110000111111
111111000011111111110000111111
111111000011111111110000111111
111111000011111111110000111111
111111000011111111110000111111
111111000011111111110000111111
111111000011111111110000111111
111111000011111111110000111111
111111000011111111110000111111
111111000011111111110000111111
111111000011111111110000111111
111111000011111111110000111111
111111000011111111110000111111
111111000011111111110000111111
111111000011111111110000111111
111111000011111111110000111111
111111000011111111100000111111
111111000001111111100000111111
111111100001111111000000111111
111111100000011100000000111111
111111110000000000011000111111
111111111000000000111000111111
111111111110000011111111111111
111111111111111111111111111111
111111111111111111111111111111
111111111111111111111111111111
111111111111111111111111111111
