111111111111111111111111111111
111111111111111111111111111111
111111111111111111111111111111
111111111100111111001111111111
111111111100111111001111111111
111111111100001110001111111111
111111111110000000011111111111
111111111111000000111111111111
111111111111111111111111111111
111111111111111111111111111111
111111111111100111111111111111
111111111100000000110001111111
111111111000000000010001111111
111111110000011100000001111111
111111100001111111000001111111
111111100011111111100001111111
111111000011111111100001111111
111111000111111111110001111111
111111000111111111110001111111
111111000111111111110001111111
111111000111111111110001111111
111111000111111111110001111111
111111000111111111110001111111
111111000111111111110001111111
111111000011111111100001111111
111111000011111111100001111111
111111100001111111000001111111
111111100000111110000001111111
111111110000000000000001111111
111111111000000000110001111111
111111111111000011110001111111
111111111111111111110001111111
111111111111111111100001111111
111111000011111111100001111111
111111000011111111000011111111
111111100001111110000011111111
111111100000000000000111111111
111111110000000000001111111111
111111111110000000111111111111
111111111111111111111111111111
