111111111111111111111111111111
111111111111111111111111111111
111111111111111111111111111111
111111111111111111111111111111
111111111111111111111111111111
111111111111111111111111111111
111111111111111111111111111111
111111111111100011111111111111
111111111100000000011111111111
111111111000000000000111111111
111111110000111110000011111111
111111110001111111000011111111
111111100001111111100011111111
111111100001111111111111111111
111111110000111111111111111111
111111110000001111111111111111
111111111000000000111111111111
111111111100000000001111111111
111111111111000000000011111111
111111111111111100000001111111
111111111111111111000001111111
111111111011111111100001111111
111111100011111111110001111111
111111100001111111100001111111
111111100000111111000001111111
111111110000001100000011111111
111111111000000000000111111111
111111111110000000011111111111
111111111111100011111111111111
111111111111100001111111111111
111111111111110000111111111111
111111111111111000111111111111
111111111111111000111111111111
111111111110000000111111111111
111111111100000001111111111111
111111111111111111111111111111
111111111111111111111111111111
111111111111111111111111111111
111111111111111111111111111111
111111111111111111111111111111
